
[2024-09-19 11:16:19] Running RL reset
pos_actions = tensor([[0., 0., 0.]], device='cuda:0')
self.fingertip_midpoint_pos =  tensor([[0.1205, 0.1022, 0.4007]], device='cuda:0')
self.achieved_goal =  tensor([[ 8.7681e-02,  9.8338e-02,  4.0791e-01, -9.2300e-02,  9.9523e-02,
          4.0783e-01, -1.0001e-01,  1.7528e-05,  4.0495e-01,  1.0002e-01,
          4.6149e-06,  4.0495e-01,  1.0001e-01, -1.0005e-01,  4.0635e-01,
         -1.0000e-01, -1.0006e-01,  4.0635e-01]], device='cuda:0')
self.desired_goal =  tensor([[ 1.0001e-01, -1.0005e-01,  4.0635e-01, -1.0000e-01, -1.0006e-01,
          4.0635e-01, -1.0001e-01,  1.7528e-05,  4.0495e-01,  1.0002e-01,
          4.6149e-06,  4.0495e-01,  1.0001e-01, -1.0005e-01,  4.0635e-01,
         -1.0000e-01, -1.0006e-01,  4.0635e-01]], device='cuda:0')
pos_actions = tensor([[-0.0394, -0.1000,  0.1000]], device='cuda:0')
self.fingertip_midpoint_pos =  tensor([[0.1221, 0.1013, 0.4015]], device='cuda:0')
self.achieved_goal =  tensor([[ 9.1906e-02,  9.7344e-02,  4.0871e-01, -7.9438e-02,  9.6197e-02,
          4.0495e-01, -1.0000e-01,  5.3443e-04,  4.0495e-01,  1.0001e-01,
          1.5749e-04,  4.0495e-01,  1.0001e-01, -1.0003e-01,  4.0495e-01,
         -1.0000e-01, -1.0005e-01,  4.0495e-01]], device='cuda:0')
self.desired_goal =  tensor([[ 1.0001e-01, -1.0003e-01,  4.0495e-01, -1.0000e-01, -1.0005e-01,
          4.0495e-01, -1.0000e-01,  5.3443e-04,  4.0495e-01,  1.0001e-01,
          1.5749e-04,  4.0495e-01,  1.0001e-01, -1.0003e-01,  4.0495e-01,
         -1.0000e-01, -1.0005e-01,  4.0495e-01]], device='cuda:0')
pos_actions = tensor([[-0.0468, -0.1000,  0.1000]], device='cuda:0')
self.fingertip_midpoint_pos =  tensor([[0.1231, 0.0994, 0.4031]], device='cuda:0')
self.achieved_goal =  tensor([[ 0.0962,  0.0954,  0.4104, -0.0750,  0.0957,  0.4050, -0.1000,  0.0006,
          0.4049,  0.0996, -0.0007,  0.4049,  0.1000, -0.1000,  0.4049, -0.1000,
         -0.1001,  0.4049]], device='cuda:0')
self.desired_goal =  tensor([[ 0.1000, -0.1000,  0.4049, -0.1000, -0.1001,  0.4049, -0.1000,  0.0006,
          0.4049,  0.0996, -0.0007,  0.4049,  0.1000, -0.1000,  0.4049, -0.1000,
         -0.1001,  0.4049]], device='cuda:0')
pos_actions = tensor([[-0.0500, -0.1000,  0.1000]], device='cuda:0')
self.fingertip_midpoint_pos =  tensor([[0.1234, 0.0968, 0.4055]], device='cuda:0')
self.achieved_goal =  tensor([[ 0.0999,  0.0928,  0.4128, -0.0751,  0.0957,  0.4050, -0.1000,  0.0008,
          0.4049,  0.0994, -0.0018,  0.4050,  0.0996, -0.1006,  0.4049, -0.1000,
         -0.1000,  0.4049]], device='cuda:0')
self.desired_goal =  tensor([[ 0.0996, -0.1006,  0.4049, -0.1000, -0.1000,  0.4049, -0.1000,  0.0008,
          0.4049,  0.0994, -0.0018,  0.4050,  0.0996, -0.1006,  0.4049, -0.1000,
         -0.1000,  0.4049]], device='cuda:0')
pos_actions = tensor([[-0.0519, -0.1000,  0.1000]], device='cuda:0')
self.fingertip_midpoint_pos =  tensor([[0.1232, 0.0935, 0.4085]], device='cuda:0')
self.achieved_goal =  tensor([[ 0.1031,  0.0895,  0.4158, -0.0773,  0.0965,  0.4050, -0.1000,  0.0008,
          0.4049,  0.0993, -0.0032,  0.4050,  0.0997, -0.1020,  0.4049, -0.1000,
         -0.1000,  0.4049]], device='cuda:0')
self.desired_goal =  tensor([[ 0.0997, -0.1020,  0.4049, -0.1000, -0.1000,  0.4049, -0.1000,  0.0008,
          0.4049,  0.0993, -0.0032,  0.4050,  0.0997, -0.1020,  0.4049, -0.1000,
         -0.1000,  0.4049]], device='cuda:0')
pos_actions = tensor([[-0.0518, -0.1000,  0.1000]], device='cuda:0')
self.fingertip_midpoint_pos =  tensor([[0.1226, 0.0896, 0.4121]], device='cuda:0')
self.achieved_goal =  tensor([[ 0.1058,  0.0863,  0.4205, -0.0822,  0.0985,  0.4059, -0.1000,  0.0008,
          0.4049,  0.0994, -0.0040,  0.4050,  0.0997, -0.1032,  0.4049, -0.1000,
         -0.1000,  0.4049]], device='cuda:0')
self.desired_goal =  tensor([[ 0.0997, -0.1032,  0.4049, -0.1000, -0.1000,  0.4049, -0.1000,  0.0008,
          0.4049,  0.0994, -0.0040,  0.4050,  0.0997, -0.1032,  0.4049, -0.1000,
         -0.1000,  0.4049]], device='cuda:0')
pos_actions = tensor([[-0.0502, -0.1000,  0.1000]], device='cuda:0')
self.fingertip_midpoint_pos =  tensor([[0.1215, 0.0853, 0.4160]], device='cuda:0')
self.achieved_goal =  tensor([[ 0.1081,  0.0820,  0.4245, -0.0872,  0.1001,  0.4085, -0.1000,  0.0008,
          0.4049,  0.0994, -0.0040,  0.4050,  0.0997, -0.1031,  0.4049, -0.1000,
         -0.1000,  0.4049]], device='cuda:0')
self.desired_goal =  tensor([[ 0.0997, -0.1031,  0.4049, -0.1000, -0.1000,  0.4049, -0.1000,  0.0008,
          0.4049,  0.0994, -0.0040,  0.4050,  0.0997, -0.1031,  0.4049, -0.1000,
         -0.1000,  0.4049]], device='cuda:0')
pos_actions = tensor([[-0.0489, -0.1000,  0.1000]], device='cuda:0')
self.fingertip_midpoint_pos =  tensor([[0.1202, 0.0805, 0.4204]], device='cuda:0')
self.achieved_goal =  tensor([[ 0.1101,  0.0771,  0.4289, -0.0836,  0.0988,  0.4120, -0.1000,  0.0008,
          0.4049,  0.0994, -0.0040,  0.4050,  0.0997, -0.1031,  0.4050, -0.1000,
         -0.1000,  0.4049]], device='cuda:0')
self.desired_goal =  tensor([[ 0.0997, -0.1031,  0.4050, -0.1000, -0.1000,  0.4049, -0.1000,  0.0008,
          0.4049,  0.0994, -0.0040,  0.4050,  0.0997, -0.1031,  0.4050, -0.1000,
         -0.1000,  0.4049]], device='cuda:0')
pos_actions = tensor([[-0.0489, -0.1000,  0.0970]], device='cuda:0')
self.fingertip_midpoint_pos =  tensor([[0.1185, 0.0754, 0.4250]], device='cuda:0')
self.achieved_goal =  tensor([[ 0.1118,  0.0720,  0.4335, -0.0821,  0.0972,  0.4128, -0.1000,  0.0008,
          0.4049,  0.0995, -0.0040,  0.4049,  0.0997, -0.1031,  0.4049, -0.1000,
         -0.1000,  0.4049]], device='cuda:0')
self.desired_goal =  tensor([[ 0.0997, -0.1031,  0.4049, -0.1000, -0.1000,  0.4049, -0.1000,  0.0008,
          0.4049,  0.0995, -0.0040,  0.4049,  0.0997, -0.1031,  0.4049, -0.1000,
         -0.1000,  0.4049]], device='cuda:0')
pos_actions = tensor([[-0.0493, -0.1000,  0.0919]], device='cuda:0')
self.fingertip_midpoint_pos =  tensor([[0.1167, 0.0700, 0.4299]], device='cuda:0')
self.achieved_goal =  tensor([[ 0.1133,  0.0665,  0.4384, -0.0810,  0.0981,  0.4096, -0.1000,  0.0008,
          0.4050,  0.0996, -0.0040,  0.4049,  0.0997, -0.1032,  0.4049, -0.1000,
         -0.1000,  0.4049]], device='cuda:0')
self.desired_goal =  tensor([[ 0.0997, -0.1032,  0.4049, -0.1000, -0.1000,  0.4049, -0.1000,  0.0008,
          0.4050,  0.0996, -0.0040,  0.4049,  0.0997, -0.1032,  0.4049, -0.1000,
         -0.1000,  0.4049]], device='cuda:0')
pos_actions = tensor([[-0.0528, -0.1000,  0.0947]], device='cuda:0')
self.fingertip_midpoint_pos =  tensor([[0.1147, 0.0644, 0.4349]], device='cuda:0')
self.achieved_goal =  tensor([[ 0.1146,  0.0608,  0.4434, -0.0797,  0.0985,  0.4049, -0.1000,  0.0008,
          0.4050,  0.0996, -0.0040,  0.4049,  0.0997, -0.1032,  0.4049, -0.1000,
         -0.1000,  0.4049]], device='cuda:0')
self.desired_goal =  tensor([[ 0.0997, -0.1032,  0.4049, -0.1000, -0.1000,  0.4049, -0.1000,  0.0008,
          0.4050,  0.0996, -0.0040,  0.4049,  0.0997, -0.1032,  0.4049, -0.1000,
         -0.1000,  0.4049]], device='cuda:0')
pos_actions = tensor([[-0.0567, -0.1000,  0.0986]], device='cuda:0')
self.fingertip_midpoint_pos =  tensor([[0.1125, 0.0586, 0.4401]], device='cuda:0')
self.achieved_goal =  tensor([[ 0.1126,  0.0549,  0.4486, -0.0769,  0.0976,  0.4050, -0.1000,  0.0008,
          0.4050,  0.0996, -0.0040,  0.4049,  0.0997, -0.1032,  0.4049, -0.1000,
         -0.1000,  0.4049]], device='cuda:0')
self.desired_goal =  tensor([[ 0.0997, -0.1032,  0.4049, -0.1000, -0.1000,  0.4049, -0.1000,  0.0008,
          0.4050,  0.0996, -0.0040,  0.4049,  0.0997, -0.1032,  0.4049, -0.1000,
         -0.1000,  0.4049]], device='cuda:0')
pos_actions = tensor([[-0.0570, -0.1000,  0.0936]], device='cuda:0')
self.fingertip_midpoint_pos =  tensor([[0.1102, 0.0526, 0.4455]], device='cuda:0')
self.achieved_goal =  tensor([[ 0.1102,  0.0489,  0.4539, -0.0752,  0.0976,  0.4050, -0.1000,  0.0009,
          0.4050,  0.0996, -0.0040,  0.4049,  0.0997, -0.1032,  0.4049, -0.1000,
         -0.1000,  0.4049]], device='cuda:0')
self.desired_goal =  tensor([[ 0.0997, -0.1032,  0.4049, -0.1000, -0.1000,  0.4049, -0.1000,  0.0009,
          0.4050,  0.0996, -0.0040,  0.4049,  0.0997, -0.1032,  0.4049, -0.1000,
         -0.1000,  0.4049]], device='cuda:0')
pos_actions = tensor([[-0.0565, -0.1000,  0.0872]], device='cuda:0')
self.fingertip_midpoint_pos =  tensor([[0.1075, 0.0464, 0.4509]], device='cuda:0')
self.achieved_goal =  tensor([[ 0.1076,  0.0426,  0.4593, -0.0741,  0.0976,  0.4050, -0.1000,  0.0009,
          0.4050,  0.0996, -0.0040,  0.4049,  0.0997, -0.1032,  0.4049, -0.1000,
         -0.1000,  0.4049]], device='cuda:0')
self.desired_goal =  tensor([[ 0.0997, -0.1032,  0.4049, -0.1000, -0.1000,  0.4049, -0.1000,  0.0009,
          0.4050,  0.0996, -0.0040,  0.4049,  0.0997, -0.1032,  0.4049, -0.1000,
         -0.1000,  0.4049]], device='cuda:0')
pos_actions = tensor([[-0.0558, -0.1000,  0.0809]], device='cuda:0')
self.fingertip_midpoint_pos =  tensor([[0.1048, 0.0401, 0.4563]], device='cuda:0')
self.achieved_goal =  tensor([[ 0.1049,  0.0363,  0.4647, -0.0714,  0.0969,  0.4050, -0.0999,  0.0010,
          0.4050,  0.0996, -0.0040,  0.4049,  0.0997, -0.1032,  0.4049, -0.1000,
         -0.1000,  0.4049]], device='cuda:0')
self.desired_goal =  tensor([[ 0.0997, -0.1032,  0.4049, -0.1000, -0.1000,  0.4049, -0.0999,  0.0010,
          0.4050,  0.0996, -0.0040,  0.4049,  0.0997, -0.1032,  0.4049, -0.1000,
         -0.1000,  0.4049]], device='cuda:0')
pos_actions = tensor([[-0.0557, -0.1000,  0.0759]], device='cuda:0')
self.fingertip_midpoint_pos =  tensor([[0.1018, 0.0337, 0.4616]], device='cuda:0')
self.achieved_goal =  tensor([[ 0.1020,  0.0298,  0.4700, -0.0690,  0.0960,  0.4055, -0.0999,  0.0011,
          0.4050,  0.0996, -0.0040,  0.4049,  0.0997, -0.1032,  0.4049, -0.1000,
         -0.1000,  0.4049]], device='cuda:0')
self.desired_goal =  tensor([[ 0.0997, -0.1032,  0.4049, -0.1000, -0.1000,  0.4049, -0.0999,  0.0011,
          0.4050,  0.0996, -0.0040,  0.4049,  0.0997, -0.1032,  0.4049, -0.1000,
         -0.1000,  0.4049]], device='cuda:0')
pos_actions = tensor([[-0.0553, -0.1000,  0.0707]], device='cuda:0')
self.fingertip_midpoint_pos =  tensor([[0.0989, 0.0273, 0.4668]], device='cuda:0')
self.achieved_goal =  tensor([[ 0.0990,  0.0233,  0.4751, -0.0678,  0.0951,  0.4069, -0.0999,  0.0012,
          0.4050,  0.0997, -0.0038,  0.4049,  0.0997, -0.1032,  0.4049, -0.1000,
         -0.0999,  0.4049]], device='cuda:0')
self.desired_goal =  tensor([[ 0.0997, -0.1032,  0.4049, -0.1000, -0.0999,  0.4049, -0.0999,  0.0012,
          0.4050,  0.0997, -0.0038,  0.4049,  0.0997, -0.1032,  0.4049, -0.1000,
         -0.0999,  0.4049]], device='cuda:0')
pos_actions = tensor([[-0.0535, -0.1000,  0.0628]], device='cuda:0')
self.fingertip_midpoint_pos =  tensor([[0.0958, 0.0207, 0.4719]], device='cuda:0')
self.achieved_goal =  tensor([[ 0.0960,  0.0167,  0.4802, -0.0677,  0.0952,  0.4093, -0.0999,  0.0012,
          0.4050,  0.0997, -0.0037,  0.4049,  0.0997, -0.1032,  0.4049, -0.1000,
         -0.0998,  0.4049]], device='cuda:0')
self.desired_goal =  tensor([[ 0.0997, -0.1032,  0.4049, -0.1000, -0.0998,  0.4049, -0.0999,  0.0012,
          0.4050,  0.0997, -0.0037,  0.4049,  0.0997, -0.1032,  0.4049, -0.1000,
         -0.0998,  0.4049]], device='cuda:0')
pos_actions = tensor([[-0.0498, -0.1000,  0.0520]], device='cuda:0')
self.fingertip_midpoint_pos =  tensor([[0.0927, 0.0141, 0.4767]], device='cuda:0')
self.achieved_goal =  tensor([[ 0.0929,  0.0100,  0.4849, -0.0679,  0.0948,  0.4130, -0.0998,  0.0013,
          0.4050,  0.0997, -0.0037,  0.4049,  0.0997, -0.1032,  0.4049, -0.1000,
         -0.0998,  0.4049]], device='cuda:0')
self.desired_goal =  tensor([[ 0.0997, -0.1032,  0.4049, -0.1000, -0.0998,  0.4049, -0.0998,  0.0013,
          0.4050,  0.0997, -0.0037,  0.4049,  0.0997, -0.1032,  0.4049, -0.1000,
         -0.0998,  0.4049]], device='cuda:0')
pos_actions = tensor([[-0.0443, -0.1000,  0.0373]], device='cuda:0')
self.fingertip_midpoint_pos =  tensor([[0.0897, 0.0074, 0.4811]], device='cuda:0')
self.achieved_goal =  tensor([[ 0.0899,  0.0033,  0.4894, -0.0674,  0.0930,  0.4174, -0.0997,  0.0015,
          0.4050,  0.0998, -0.0036,  0.4050,  0.0997, -0.1032,  0.4050, -0.1000,
         -0.0998,  0.4049]], device='cuda:0')
self.desired_goal =  tensor([[ 0.0997, -0.1032,  0.4050, -0.1000, -0.0998,  0.4049, -0.0997,  0.0015,
          0.4050,  0.0998, -0.0036,  0.4050,  0.0997, -0.1032,  0.4050, -0.1000,
         -0.0998,  0.4049]], device='cuda:0')
pos_actions = tensor([[-0.0379, -0.1000,  0.0202]], device='cuda:0')
self.fingertip_midpoint_pos =  tensor([[0.0867, 0.0007, 0.4851]], device='cuda:0')
self.achieved_goal =  tensor([[ 0.0869, -0.0034,  0.4934, -0.0662,  0.0905,  0.4216, -0.0996,  0.0016,
          0.4050,  0.1001, -0.0034,  0.4050,  0.0997, -0.1032,  0.4049, -0.1000,
         -0.0997,  0.4049]], device='cuda:0')
self.desired_goal =  tensor([[ 0.0997, -0.1032,  0.4049, -0.1000, -0.0997,  0.4049, -0.0996,  0.0016,
          0.4050,  0.1001, -0.0034,  0.4050,  0.0997, -0.1032,  0.4049, -0.1000,
         -0.0997,  0.4049]], device='cuda:0')
pos_actions = tensor([[-0.0314, -0.1000,  0.0034]], device='cuda:0')
self.fingertip_midpoint_pos =  tensor([[ 0.0838, -0.0060,  0.4886]], device='cuda:0')
self.achieved_goal =  tensor([[ 0.0840, -0.0102,  0.4968, -0.0649,  0.0884,  0.4254, -0.0994,  0.0018,
          0.4050,  0.1001, -0.0033,  0.4052,  0.0997, -0.1032,  0.4049, -0.1000,
         -0.0995,  0.4049]], device='cuda:0')
self.desired_goal =  tensor([[ 0.0997, -0.1032,  0.4049, -0.1000, -0.0995,  0.4049, -0.0994,  0.0018,
          0.4050,  0.1001, -0.0033,  0.4052,  0.0997, -0.1032,  0.4049, -0.1000,
         -0.0995,  0.4049]], device='cuda:0')
pos_actions = tensor([[-0.0243, -0.1000, -0.0132]], device='cuda:0')
self.fingertip_midpoint_pos =  tensor([[ 0.0811, -0.0128,  0.4915]], device='cuda:0')
self.achieved_goal =  tensor([[ 0.0814, -0.0170,  0.4997, -0.0636,  0.0866,  0.4293, -0.0991,  0.0020,
          0.4050,  0.1002, -0.0035,  0.4065,  0.0997, -0.1032,  0.4050, -0.1000,
         -0.0993,  0.4049]], device='cuda:0')
self.desired_goal =  tensor([[ 0.0997, -0.1032,  0.4050, -0.1000, -0.0993,  0.4049, -0.0991,  0.0020,
          0.4050,  0.1002, -0.0035,  0.4065,  0.0997, -0.1032,  0.4050, -0.1000,
         -0.0993,  0.4049]], device='cuda:0')
pos_actions = tensor([[-0.0154, -0.1000, -0.0316]], device='cuda:0')
self.fingertip_midpoint_pos =  tensor([[ 0.0786, -0.0196,  0.4936]], device='cuda:0')
self.achieved_goal =  tensor([[ 0.0789, -0.0239,  0.5018, -0.0628,  0.0841,  0.4336, -0.0987,  0.0023,
          0.4050,  0.1001, -0.0038,  0.4093,  0.0997, -0.1032,  0.4049, -0.1000,
         -0.0990,  0.4049]], device='cuda:0')
self.desired_goal =  tensor([[ 0.0997, -0.1032,  0.4049, -0.1000, -0.0990,  0.4049, -0.0987,  0.0023,
          0.4050,  0.1001, -0.0038,  0.4093,  0.0997, -0.1032,  0.4049, -0.1000,
         -0.0990,  0.4049]], device='cuda:0')
pos_actions = tensor([[-0.0035, -0.1000, -0.0534]], device='cuda:0')
self.fingertip_midpoint_pos =  tensor([[ 0.0764, -0.0264,  0.4950]], device='cuda:0')
self.achieved_goal =  tensor([[ 0.0767, -0.0308,  0.5032, -0.0629,  0.0809,  0.4383, -0.0984,  0.0026,
          0.4050,  0.1001, -0.0048,  0.4131,  0.0997, -0.1032,  0.4049, -0.1000,
         -0.0987,  0.4049]], device='cuda:0')
self.desired_goal =  tensor([[ 0.0997, -0.1032,  0.4049, -0.1000, -0.0987,  0.4049, -0.0984,  0.0026,
          0.4050,  0.1001, -0.0048,  0.4131,  0.0997, -0.1032,  0.4049, -0.1000,
         -0.0987,  0.4049]], device='cuda:0')
pos_actions = tensor([[ 0.0116, -0.1000, -0.0792]], device='cuda:0')
self.fingertip_midpoint_pos =  tensor([[ 0.0745, -0.0333,  0.4954]], device='cuda:0')
self.achieved_goal =  tensor([[ 0.0748, -0.0377,  0.5036, -0.0640,  0.0769,  0.4432, -0.0981,  0.0027,
          0.4050,  0.1003, -0.0061,  0.4163,  0.0997, -0.1032,  0.4050, -0.1000,
         -0.0985,  0.4049]], device='cuda:0')
self.desired_goal =  tensor([[ 0.0997, -0.1032,  0.4050, -0.1000, -0.0985,  0.4049, -0.0981,  0.0027,
          0.4050,  0.1003, -0.0061,  0.4163,  0.0997, -0.1032,  0.4050, -0.1000,
         -0.0985,  0.4049]], device='cuda:0')
pos_actions = tensor([[ 0.0275, -0.1000, -0.1000]], device='cuda:0')
self.fingertip_midpoint_pos =  tensor([[ 0.0730, -0.0402,  0.4949]], device='cuda:0')
self.achieved_goal =  tensor([[ 0.0733, -0.0446,  0.5031, -0.0660,  0.0728,  0.4484, -0.0977,  0.0028,
          0.4050,  0.1001, -0.0073,  0.4184,  0.0997, -0.1032,  0.4049, -0.1000,
         -0.0984,  0.4049]], device='cuda:0')
self.desired_goal =  tensor([[ 0.0997, -0.1032,  0.4049, -0.1000, -0.0984,  0.4049, -0.0977,  0.0028,
          0.4050,  0.1001, -0.0073,  0.4184,  0.0997, -0.1032,  0.4049, -0.1000,
         -0.0984,  0.4049]], device='cuda:0')
pos_actions = tensor([[ 0.0436, -0.1000, -0.1000]], device='cuda:0')
self.fingertip_midpoint_pos =  tensor([[ 0.0721, -0.0472,  0.4936]], device='cuda:0')
self.achieved_goal =  tensor([[ 0.0724, -0.0516,  0.5018, -0.0687,  0.0681,  0.4538, -0.0976,  0.0028,
          0.4050,  0.0995, -0.0082,  0.4197,  0.0997, -0.1032,  0.4049, -0.1000,
         -0.0983,  0.4049]], device='cuda:0')
self.desired_goal =  tensor([[ 0.0997, -0.1032,  0.4049, -0.1000, -0.0983,  0.4049, -0.0976,  0.0028,
          0.4050,  0.0995, -0.0082,  0.4197,  0.0997, -0.1032,  0.4049, -0.1000,
         -0.0983,  0.4049]], device='cuda:0')
pos_actions = tensor([[ 0.0585, -0.1000, -0.1000]], device='cuda:0')
self.fingertip_midpoint_pos =  tensor([[ 0.0718, -0.0541,  0.4915]], device='cuda:0')
self.achieved_goal =  tensor([[ 0.0721, -0.0586,  0.4997, -0.0712,  0.0622,  0.4589, -0.0976,  0.0028,
          0.4050,  0.0993, -0.0090,  0.4208,  0.0997, -0.1032,  0.4050, -0.1000,
         -0.0983,  0.4049]], device='cuda:0')
self.desired_goal =  tensor([[ 0.0997, -0.1032,  0.4050, -0.1000, -0.0983,  0.4049, -0.0976,  0.0028,
          0.4050,  0.0993, -0.0090,  0.4208,  0.0997, -0.1032,  0.4050, -0.1000,
         -0.0983,  0.4049]], device='cuda:0')
pos_actions = tensor([[ 0.0710, -0.1000, -0.1000]], device='cuda:0')
self.fingertip_midpoint_pos =  tensor([[ 0.0721, -0.0612,  0.4887]], device='cuda:0')
self.achieved_goal =  tensor([[ 0.0724, -0.0656,  0.4970, -0.0731,  0.0551,  0.4637, -0.0976,  0.0028,
          0.4050,  0.0993, -0.0100,  0.4220,  0.0997, -0.1033,  0.4049, -0.1000,
         -0.0983,  0.4050]], device='cuda:0')
self.desired_goal =  tensor([[ 0.0997, -0.1033,  0.4049, -0.1000, -0.0983,  0.4050, -0.0976,  0.0028,
          0.4050,  0.0993, -0.0100,  0.4220,  0.0997, -0.1033,  0.4049, -0.1000,
         -0.0983,  0.4050]], device='cuda:0')
pos_actions = tensor([[ 0.0812, -0.0974, -0.1000]], device='cuda:0')
self.fingertip_midpoint_pos =  tensor([[ 0.0731, -0.0682,  0.4855]], device='cuda:0')
self.achieved_goal =  tensor([[ 0.0734, -0.0727,  0.4937, -0.0743,  0.0471,  0.4685, -0.0975,  0.0028,
          0.4050,  0.0991, -0.0113,  0.4233,  0.0997, -0.1033,  0.4049, -0.1000,
         -0.0983,  0.4049]], device='cuda:0')
self.desired_goal =  tensor([[ 0.0997, -0.1033,  0.4049, -0.1000, -0.0983,  0.4049, -0.0975,  0.0028,
          0.4050,  0.0991, -0.0113,  0.4233,  0.0997, -0.1033,  0.4049, -0.1000,
         -0.0983,  0.4049]], device='cuda:0')
pos_actions = tensor([[ 0.0896, -0.0782, -0.1000]], device='cuda:0')
self.fingertip_midpoint_pos =  tensor([[ 0.0746, -0.0751,  0.4818]], device='cuda:0')
self.achieved_goal =  tensor([[ 0.0750, -0.0796,  0.4901, -0.0748,  0.0387,  0.4731, -0.0974,  0.0027,
          0.4050,  0.0994, -0.0130,  0.4248,  0.0997, -0.1033,  0.4050, -0.1000,
         -0.0983,  0.4049]], device='cuda:0')
self.desired_goal =  tensor([[ 0.0997, -0.1033,  0.4050, -0.1000, -0.0983,  0.4049, -0.0974,  0.0027,
          0.4050,  0.0994, -0.0130,  0.4248,  0.0997, -0.1033,  0.4050, -0.1000,
         -0.0983,  0.4049]], device='cuda:0')
pos_actions = tensor([[ 0.0965, -0.0602, -0.1000]], device='cuda:0')
self.fingertip_midpoint_pos =  tensor([[ 0.0767, -0.0817,  0.4778]], device='cuda:0')
self.achieved_goal =  tensor([[ 0.0770, -0.0862,  0.4860, -0.0744,  0.0302,  0.4775, -0.0969,  0.0027,
          0.4050,  0.0999, -0.0156,  0.4266,  0.0997, -0.1033,  0.4049, -0.1000,
         -0.0983,  0.4049]], device='cuda:0')
self.desired_goal =  tensor([[ 0.0997, -0.1033,  0.4049, -0.1000, -0.0983,  0.4049, -0.0969,  0.0027,
          0.4050,  0.0999, -0.0156,  0.4266,  0.0997, -0.1033,  0.4049, -0.1000,
         -0.0983,  0.4049]], device='cuda:0')
pos_actions = tensor([[ 0.1000, -0.0432, -0.1000]], device='cuda:0')
self.fingertip_midpoint_pos =  tensor([[ 0.0791, -0.0878,  0.4734]], device='cuda:0')
self.achieved_goal =  tensor([[ 0.0795, -0.0923,  0.4817, -0.0734,  0.0217,  0.4820, -0.0954,  0.0024,
          0.4050,  0.1010, -0.0188,  0.4281,  0.0997, -0.1033,  0.4049, -0.1000,
         -0.0983,  0.4049]], device='cuda:0')
self.desired_goal =  tensor([[ 0.0997, -0.1033,  0.4049, -0.1000, -0.0983,  0.4049, -0.0954,  0.0024,
          0.4050,  0.1010, -0.0188,  0.4281,  0.0997, -0.1033,  0.4049, -0.1000,
         -0.0983,  0.4049]], device='cuda:0')
pos_actions = tensor([[ 0.1000, -0.0273, -0.1000]], device='cuda:0')
self.fingertip_midpoint_pos =  tensor([[ 0.0819, -0.0935,  0.4688]], device='cuda:0')
self.achieved_goal =  tensor([[ 0.0822, -0.0979,  0.4771, -0.0719,  0.0132,  0.4864, -0.0933,  0.0021,
          0.4050,  0.1026, -0.0219,  0.4291,  0.0997, -0.1033,  0.4050, -0.1000,
         -0.0983,  0.4049]], device='cuda:0')
self.desired_goal =  tensor([[ 0.0997, -0.1033,  0.4050, -0.1000, -0.0983,  0.4049, -0.0933,  0.0021,
          0.4050,  0.1026, -0.0219,  0.4291,  0.0997, -0.1033,  0.4050, -0.1000,
         -0.0983,  0.4049]], device='cuda:0')
pos_actions = tensor([[ 0.1000, -0.0129, -0.1000]], device='cuda:0')
self.fingertip_midpoint_pos =  tensor([[ 0.0848, -0.0985,  0.4639]], device='cuda:0')
self.achieved_goal =  tensor([[ 0.0852, -0.1029,  0.4722, -0.0696,  0.0048,  0.4902, -0.0917,  0.0016,
          0.4055,  0.1042, -0.0247,  0.4294,  0.0997, -0.1033,  0.4049, -0.1000,
         -0.0982,  0.4049]], device='cuda:0')
self.desired_goal =  tensor([[ 0.0997, -0.1033,  0.4049, -0.1000, -0.0982,  0.4049, -0.0917,  0.0016,
          0.4055,  0.1042, -0.0247,  0.4294,  0.0997, -0.1033,  0.4049, -0.1000,
         -0.0982,  0.4049]], device='cuda:0')
pos_actions = tensor([[ 0.1000,  0.0004, -0.1000]], device='cuda:0')
self.fingertip_midpoint_pos =  tensor([[ 0.0880, -0.1028,  0.4589]], device='cuda:0')
self.achieved_goal =  tensor([[ 0.0883, -0.1072,  0.4672, -0.0665, -0.0033,  0.4933, -0.0905,  0.0012,
          0.4066,  0.1057, -0.0274,  0.4294,  0.0997, -0.1033,  0.4049, -0.1000,
         -0.0982,  0.4049]], device='cuda:0')
self.desired_goal =  tensor([[ 0.0997, -0.1033,  0.4049, -0.1000, -0.0982,  0.4049, -0.0905,  0.0012,
          0.4066,  0.1057, -0.0274,  0.4294,  0.0997, -0.1033,  0.4049, -0.1000,
         -0.0982,  0.4049]], device='cuda:0')
pos_actions = tensor([[ 0.1000,  0.0140, -0.1000]], device='cuda:0')
self.fingertip_midpoint_pos =  tensor([[ 0.0912, -0.1064,  0.4536]], device='cuda:0')
self.achieved_goal =  tensor([[ 0.0916, -0.1109,  0.4619, -0.0624, -0.0107,  0.4949, -0.0896,  0.0006,
          0.4083,  0.1063, -0.0296,  0.4292,  0.0997, -0.1033,  0.4050, -0.1000,
         -0.0982,  0.4049]], device='cuda:0')
self.desired_goal =  tensor([[ 0.0997, -0.1033,  0.4050, -0.1000, -0.0982,  0.4049, -0.0896,  0.0006,
          0.4083,  0.1063, -0.0296,  0.4292,  0.0997, -0.1033,  0.4050, -0.1000,
         -0.0982,  0.4049]], device='cuda:0')
pos_actions = tensor([[ 0.1000,  0.0276, -0.1000]], device='cuda:0')
self.fingertip_midpoint_pos =  tensor([[ 0.0945, -0.1093,  0.4483]], device='cuda:0')
self.achieved_goal =  tensor([[ 9.4915e-02, -1.1373e-01,  4.5656e-01, -5.7673e-02, -1.7129e-02,
          4.9489e-01, -8.8883e-02,  4.9062e-05,  4.1000e-01,  1.0650e-01,
         -3.1277e-02,  4.2900e-01,  9.9698e-02, -1.0329e-01,  4.0495e-01,
         -9.9990e-02, -9.8184e-02,  4.0495e-01]], device='cuda:0')
self.desired_goal =  tensor([[ 9.9698e-02, -1.0329e-01,  4.0495e-01, -9.9990e-02, -9.8184e-02,
          4.0495e-01, -8.8883e-02,  4.9062e-05,  4.1000e-01,  1.0650e-01,
         -3.1277e-02,  4.2900e-01,  9.9698e-02, -1.0329e-01,  4.0495e-01,
         -9.9990e-02, -9.8184e-02,  4.0495e-01]], device='cuda:0')
pos_actions = tensor([[ 0.0937,  0.0396, -0.1000]], device='cuda:0')
self.fingertip_midpoint_pos =  tensor([[ 0.0979, -0.1114,  0.4428]], device='cuda:0')
self.achieved_goal =  tensor([[ 0.0983, -0.1158,  0.4511, -0.0529, -0.0225,  0.4932, -0.0882, -0.0007,
          0.4116,  0.1070, -0.0323,  0.4287,  0.0997, -0.1033,  0.4049, -0.1000,
         -0.0982,  0.4049]], device='cuda:0')
self.desired_goal =  tensor([[ 0.0997, -0.1033,  0.4049, -0.1000, -0.0982,  0.4049, -0.0882, -0.0007,
          0.4116,  0.1070, -0.0323,  0.4287,  0.0997, -0.1033,  0.4049, -0.1000,
         -0.0982,  0.4049]], device='cuda:0')
pos_actions = tensor([[ 0.0809,  0.0490, -0.1000]], device='cuda:0')
self.fingertip_midpoint_pos =  tensor([[ 0.1012, -0.1128,  0.4371]], device='cuda:0')
self.achieved_goal =  tensor([[ 0.1016, -0.1172,  0.4454, -0.0481, -0.0274,  0.4900, -0.0881, -0.0014,
          0.4133,  0.1075, -0.0328,  0.4284,  0.0997, -0.1033,  0.4050, -0.1000,
         -0.0982,  0.4049]], device='cuda:0')
self.desired_goal =  tensor([[ 0.0997, -0.1033,  0.4050, -0.1000, -0.0982,  0.4049, -0.0881, -0.0014,
          0.4133,  0.1075, -0.0328,  0.4284,  0.0997, -0.1033,  0.4050, -0.1000,
         -0.0982,  0.4049]], device='cuda:0')
pos_actions = tensor([[ 0.0643,  0.0572, -0.1000]], device='cuda:0')
self.fingertip_midpoint_pos =  tensor([[ 0.1045, -0.1134,  0.4314]], device='cuda:0')
self.achieved_goal =  tensor([[ 0.1049, -0.1178,  0.4397, -0.0435, -0.0327,  0.4855, -0.0885, -0.0025,
          0.4160,  0.1077, -0.0330,  0.4283,  0.0997, -0.1033,  0.4049, -0.1000,
         -0.0982,  0.4049]], device='cuda:0')
self.desired_goal =  tensor([[ 0.0997, -0.1033,  0.4049, -0.1000, -0.0982,  0.4049, -0.0885, -0.0025,
          0.4160,  0.1077, -0.0330,  0.4283,  0.0997, -0.1033,  0.4049, -0.1000,
         -0.0982,  0.4049]], device='cuda:0')
success
pos_actions = tensor([[ 0.0434,  0.0669, -0.1000]], device='cuda:0')
self.fingertip_midpoint_pos =  tensor([[ 0.1077, -0.1133,  0.4256]], device='cuda:0')
self.achieved_goal =  tensor([[ 0.1081, -0.1177,  0.4339, -0.0394, -0.0390,  0.4803, -0.0892, -0.0048,
          0.4198,  0.1079, -0.0323,  0.4284,  0.0997, -0.1033,  0.4049, -0.1000,
         -0.0982,  0.4049]], device='cuda:0')
self.desired_goal =  tensor([[ 0.0997, -0.1033,  0.4049, -0.1000, -0.0982,  0.4049, -0.0892, -0.0048,
          0.4198,  0.1079, -0.0323,  0.4284,  0.0997, -0.1033,  0.4049, -0.1000,
         -0.0982,  0.4049]], device='cuda:0')
success
reward: -39.79 steps: 42.0
